-9966.3 58241.5 5667.9 1 9966.3 79114.5 37485 1 
-12784.9 70492 1390.5 1 12784.9 79915.8 37398 1 
-26959.6 8529.6 -14434.2 1 27049.6 88348.5 111631 1 
-23959.4 18050 -11406 1 23959.4 65350 26597 1 
-30148 6990.45 -18330.5 1 35146.4 85618 92353.5 1 
-23677.2 8629.85 -8941 1 26164.2 41204.7 58999.1 1 
-24082.4 12468 -9273.05 1 24082.4 87222 44450 1 
-21173 15376.2 1941.53 1 21173 85491 48158.5 1 
-197085 0 -22325.9 1 4502.15 141501 94706 1 
-23977 9025 -3617 1 23977 48572.3 60534 1 
-112458 8964 -12555 1 24005 83350 114855 1 
-26000 8529.6 -25646.6 1 27044.4 91170 111631 1 
-26959.6 8620.46 -14200.5 1 27049.6 82152 39622.2 1 
-29654.6 12290.1 60914.4 1 29654.6 39756 95661.3 1 
-11986.4 17255 4718 1 11986.4 76766 26403.3 1 
-98600 5700 -18900 1 30148 249000 160098 1 
-205000 6000 -7315.2 1 406335 41479 158888 1 
-9982 48512 26065.7 1 9982 75471 37826.5 1 
-9720.16 50120 26584 1 9720.16 77329.2 37493 1 
-9966.3 54937.8 2968.13 1 9966.3 79330.5 25341.5 1 
-13530 17280 523.95 1 13530 84040 38538.5 1 
-205000 0 -25646.6 1 406335 249000 160098 1 
